   mpciter       cost   Vddot Chiddot       V     Chi  ay [g] dy [ft]      status_msg    cpuTime
         0        0.0    -0.0    -0.0    14.7     0.0    0.00   -0.00          Solved        2.5
         1     3967.3     2.1   -55.1    14.7     0.0   -0.00    0.50          Solved        7.1
         2      143.5    -0.9     9.2    14.7    -0.0   -0.00   -0.50      Acceptable        7.6
         3     1456.3    -2.0    32.4    15.0    -8.8   -0.00   -0.50      Acceptable        7.9
         4      195.0     0.3   -11.0    15.2   -16.2   -0.00    2.33        Max Iter       25.4
         5       33.7    -0.2     1.9    15.1   -18.3   -0.00   -0.50      Acceptable        8.2
         6     1211.1    -1.7    29.6    15.0   -22.3   -0.00   -0.50          Solved        7.5
         7      773.1    -0.2    24.2    14.9   -25.9    0.00   -0.50      Acceptable        6.9
         8      140.6     0.4     9.3    14.6   -24.8    0.00   -0.50          Solved        4.8
         9       29.8     0.5     0.1    14.2   -19.8    0.00   -0.16      Acceptable        9.6
        10       44.1     0.4    -4.4    13.9   -13.3    0.00    0.50      Acceptable        7.3
        11      275.0     0.3   -14.2    13.6    -6.8    0.00    0.50      Acceptable        7.4
        12      253.9     0.3   -13.6    13.5    -1.1    0.00    0.50      Acceptable        7.1
        13      124.6     0.2    -9.2    13.3     2.4    0.00    0.50      Acceptable        8.2
        14       40.9     0.2    -4.5    13.3     3.8   -0.00    0.50      Acceptable        7.8
        15       15.5     0.1    -1.0    13.2     3.6   -0.00    0.50      Acceptable       10.8
        16       18.5     0.1     1.1    13.2     2.7   -0.00    0.40      Infeasible        3.2
        17       17.4     0.2    -1.9    13.2     1.7   -0.00    0.15      Infeasible        5.5
        18       12.1     0.1    -0.3    13.2     0.8   -0.00    0.50      Acceptable        8.9
        19      187.2    -0.4   -11.5    13.3    -0.4   -0.00    0.50      Acceptable       10.5
        20      400.5    -0.4   -17.2    13.3    -1.7   -0.00    0.50      Acceptable        7.5
        21      396.1    -0.2   -17.0    13.3    -4.8   -0.00    0.50      Acceptable        8.6
        22      248.3     0.1   -13.1    13.2   -10.6   -0.00    0.50          Solved        7.2
        23      175.4     0.3   -10.0    13.1   -19.2   -0.00    0.31      Infeasible        6.7
        24      183.7     0.4   -11.3    13.0   -29.8   -0.00    0.19      Infeasible        5.6
        25      314.7     0.5     8.7    13.0   -42.1   -0.00   -0.01      Infeasible        5.3
        26      198.3     0.5   -11.1    13.0   -56.1   -0.00    0.01      Infeasible        5.7
        27      145.0     0.5     9.2    13.2   -68.8   -0.00   -0.02      Infeasible        5.5
        28        3.8     0.0    -0.0    13.4   -83.3   -0.00    0.26      Acceptable       14.6
        29        2.4    -0.0    -0.1    13.7   -96.2   -0.00    0.44      Acceptable       38.3
